ID	Description	GeneRatio	BgRatio	pvalue	p.adjust	qvalue	geneID	Count	geneParse
GO:0005685	U1 snRNP	1/3	20/11829	0.00506413622689506	0.0202565449075802	NA	snRNA:U1:21D	1	snRNA:U1:21D
GO:0097525	spliceosomal snRNP complex	1/3	79/11829	0.0199036681191502	0.0229037058363911	NA	snRNA:U1:21D	1	snRNA:U1:21D
GO:0030532	small nuclear ribonucleoprotein complex	1/3	87/11829	0.0219043744907277	0.0229037058363911	NA	snRNA:U1:21D	1	snRNA:U1:21D
GO:0120114	Sm-like protein family complex	1/3	91/11829	0.0229037058363911	0.0229037058363911	NA	snRNA:U1:21D	1	snRNA:U1:21D
