ID	Description	GeneRatio	BgRatio	pvalue	p.adjust	qvalue	geneID	Count	geneParse
GO:0005759	mitochondrial matrix	1/8	172/11829	0.110604469406875	0.221208938813749	0.221208938813749	Hsp60B	1	Hsp60B
GO:0044429	mitochondrial part	1/8	476/11829	0.280123944096336	0.280123944096336	0.280123944096336	Hsp60B	1	Hsp60B
