ID	Description	GeneRatio	BgRatio	pvalue	p.adjust	qvalue	geneID	Count
GO:0005685	U1 snRNP	1/1	20/11829	0.0016907599966185	0.00676303998647398	NA	snRNA:U1:21D	1
GO:0097525	spliceosomal snRNP complex	1/1	79/11829	0.00667850198664299	0.007692957984614	NA	snRNA:U1:21D	1
GO:0030532	small nuclear ribonucleoprotein complex	1/1	87/11829	0.00735480598529026	0.007692957984614	NA	snRNA:U1:21D	1
GO:0120114	Sm-like protein family complex	1/1	91/11829	0.007692957984614	0.007692957984614	NA	snRNA:U1:21D	1
