ID	Description	GeneRatio	BgRatio	pvalue	p.adjust	qvalue	geneID	Count	geneParse
GO:0004252	serine-type endopeptidase activity	1/1	243/12054	0.0201592832254853	0.0295337647254021	NA	CG11912	1	CG11912
GO:0008236	serine-type peptidase activity	1/1	266/12054	0.0220673635307779	0.0295337647254021	NA	CG11912	1	CG11912
GO:0017171	serine hydrolase activity	1/1	267/12054	0.0221503235440516	0.0295337647254021	NA	CG11912	1	CG11912
GO:0004175	endopeptidase activity	1/1	403/12054	0.0334328853492616	0.0334328853492616	NA	CG11912	1	CG11912
